0.BB 3500 3500 3500 5588 12
1.H 700 700 700 65024 12
2.He 2800 2800 2100 -87818 12
3.Li 3500 3500 2625 6805 12
4.Be 3500 3500 2625 6837 12
5.B 4375 2625 3500 5788 12
6.C 3500 4375 2625 5705 12
7.N 3500 5250 2625 6657 1
8.O 3500 3500 3500 5588 1
9.F 2625 3500 4375 5757 1
10.Ne 3500 3500 3500 5548 1
11.Na 4375 2625 3500 5795 12
12.Mg 2625 4375 3500 5795 12
13.Al 3500 4375 2625 5787 12
14.Si 2625 3500 3500 6856 12
15.P 3500 3500 3500 5795 12
16.S 2625 3500 3500 6856 12
17.Cl 3500 4375 2625 5705 12

